www/richnobuf.asc
NCOLS 720 
NROWS 348 
XLLCORNER -180 
YLLCORNER -90 
CELLSIZE 0.5 
NODATA_value -9999 
[rows 74 to 110 of 348, columns 492 to 573 of 720]
33 32 32 32 32 32 31 30 30 30 30 30 29 28 28 24 24 24 24 25 25 25 25 25 25 25 27 28 27 28 27 27 25 22 22 22 18 16 17 18 17 18 19 18 20 20 16 15 16 16 16 15 16 15 14 11 11 12 13 13 12 15 15 16 16 16 16 16 16 16 16 16 16 16 16 16 18 18 18 17 16 16
34 34 34 34 33 32 31 31 31 31 30 29 28 28 26 26 25 25 25 25 25 26 28 28 28 29 30 31 29 29 29 27 27 25 22 22 20 17 18 15 16 17 18 17 18 18 18 16 14 14 16 16 16 14 12 12 13 13 13 13 12 12 12 14 15 15 15 15 16 15 15 16 16 16 16 16 17 16 15 15 15 15
37 35 35 35 35 35 34 34 33 31 30 30 30 29 27 26 25 23 23 26 27 28 31 31 32 33 37 38 38 34 30 29 27 27 26 24 22 20 20 18 18 18 17 18 19 17 17 16 13 14 13 13 14 14 12 11 11 11 11 12 13 13 11 12 12 11 13 14 13 14 13 13 13 14 14 14 14 13 13 13 13 13
37 36 36 36 36 36 35 34 33 33 33 33 32 32 31 30 29 29 29 29 32 33 34 37 40 42 43 43 44 43 41 36 32 31 29 27 27 27 26 25 24 21 20 20 18 18 17 16 13 11 10 10 11 12 11 11 11 11 11 11 12 14 12 13 13 12 11 11 11 11 12 12 12 12 12 12 12 12 12 12 12 13
38 38 37 36 35 35 38 39 38 37 34 34 33 33 34 33 33 32 33 36 36 41 42 44 45 45 42 41 41 41 44 43 41 38 33 32 31 31 29 29 27 26 23 20 20 18 16 17 14 13 13 12 12 12 12 13 12 12 12 11 13 12 12 11 12 11 11 11 11 10 12 11 13 13 13 13 13 15 14 14 16 17
37 37 40 41 42 43 43 42 44 42 41 42 43 43 42 45 43 44 44 44 44 47 50 48 45 42 39 37 37 39 40 40 46 44 41 39 35 33 32 31 29 29 27 23 22 19 18 15 15 15 15 15 14 13 13 13 12 11 12 12 12 12 12 13 13 13 15 14 13 12 13 13 15 17 17 17 16 15 16 17 18 18
38 38 41 42 44 44 45 44 44 42 44 45 45 46 47 47 47 47 48 48 49 48 48 47 42 36 36 37 34 34 38 38 41 41 39 40 38 38 36 31 33 31 29 27 21 19 19 18 18 18 18 17 17 16 14 14 14 13 13 11 13 12 12 13 14 15 16 15 15 15 15 15 16 16 16 15 17 16 17 19 20 20
38 40 42 45 47 45 45 44 45 44 45 44 45 45 46 44 46 45 44 45 44 44 42 40 38 39 39 38 36 34 33 34 34 32 31 28 27 29 28 28 27 26 25 25 24 20 18 17 18 18 18 18 18 18 18 16 14 14 14 13 14 14 14 15 14 15 17 16 15 15 14 15 15 15 16 16 16 17 18 18 19 20
40 38 40 42 46 43 45 43 44 44 42 42 42 40 39 39 40 42 40 40 36 38 40 40 41 37 35 32 31 32 32 29 27 26 26 25 26 27 26 25 23 20 22 23 21 21 17 18 18 18 19 19 19 18 18 18 16 14 14 14 15 15 14 15 15 16 16 17 16 16 16 15 15 15 15 16 17 18 18 18 20 20
36 35 36 39 44 43 43 42 42 43 43 41 38 38 40 38 37 36 36 36 37 38 38 36 34 31 31 28 28 27 26 24 21 20 21 21 21 21 20 18 19 19 23 23 20 19 17 18 18 18 19 19 19 19 18 18 17 14 14 15 15 16 16 16 16 17 18 17 18 18 18 17 18 18 16 16 16 17 18 18 19 19
36 34 35 39 44 44 42 42 41 42 43 43 42 40 42 37 35 37 36 36 38 38 38 32 31 28 28 27 26 26 24 27 25 25 26 26 24 23 23 24 21 22 21 20 19 16 17 18 18 18 19 19 19 19 18 18 20 18 16 16 18 17 19 19 20 19 21 23 21 21 20 19 18 19 18 17 17 18 19 20 19 19
38 37 39 41 45 44 43 42 41 44 45 45 45 45 42 36 36 37 35 35 36 36 33 32 29 30 31 33 30 30 27 27 26 26 26 27 24 21 21 20 20 20 19 17 17 18 18 18 18 19 19 20 20 20 18 20 22 22 22 24 24 25 24 27 23 25 24 24 24 24 24 23 21 20 19 18 18 18 20 21 22 21
40 43 44 46 43 43 43 43 45 45 46 47 48 47 42 37 36 35 31 33 34 33 33 33 33 37 33 33 28 27 28 24 23 24 24 21 22 22 22 22 20 18 18 18 18 18 19 20 20 22 22 22 22 22 21 23 25 25 27 27 31 30 28 29 28 28 27 25 25 25 25 25 25 25 22 20 20 20 21 22 22 21
43 44 45 45 44 45 44 46 47 47 49 48 46 44 39 37 37 33 30 29 30 34 34 34 38 38 34 28 28 21 18 19 19 18 18 18 18 18 19 20 20 18 19 19 19 21 22 24 25 25 27 24 26 25 26 26 29 31 36 36 36 36 37 37 33 37 32 29 28 27 26 25 25 25 25 25 24 23 23 22 23 25
47 48 48 47 47 45 45 48 45 45 42 37 38 38 38 35 32 34 39 39 34 40 40 37 37 34 28 27 24 18 17 15 15 15 16 16 18 18 18 19 19 21 22 23 25 25 27 30 32 31 31 31 30 31 31 29 31 30 28 29 30 29 30 31 31 37 38 34 33 32 31 30 28 27 26 26 25 24 24 25 25 26
50 48 48 47 45 42 46 45 42 38 33 33 34 33 31 30 30 32 40 39 47 47 46 41 32 30 28 27 20 17 16 16 16 16 15 16 18 18 18 20 24 26 28 32 36 39 39 36 36 35 35 34 34 36 28 23 23 24 21 22 23 23 24 24 25 30 34 35 39 35 32 32 32 30 29 28 28 27 26 27 29 30
51 48 48 47 44 43 47 45 39 38 32 33 33 30 29 27 28 28 35 41 53 53 51 41 33 32 28 26 23 19 17 17 18 18 18 18 20 22 27 28 32 38 42 41 37 38 35 34 33 33 30 29 28 28 27 24 21 19 18 17 19 20 22 22 25 26 29 36 35 40 42 37 35 34 35 34 33 34 31 31 32 33
49 47 46 46 43 43 46 47 44 38 32 32 31 31 26 22 26 26 27 39 51 52 53 47 40 33 31 29 27 22 21 21 22 22 23 25 32 37 41 40 43 42 39 39 33 32 32 32 32 31 31 31 30 30 27 19 19 19 17 19 17 18 19 20 24 25 26 32 37 36 41 42 42 39 41 40 37 38 38 38 37 37
46 47 46 46 45 47 48 50 44 38 34 30 26 26 22 22 24 27 28 30 37 41 48 45 47 43 38 36 35 34 33 30 28 33 37 40 39 41 41 38 35 33 32 26 26 28 27 26 25 24 24 32 33 32 31 27 24 20 19 19 18 19 19 20 22 24 26 29 34 37 39 42 47 49 48 44 44 44 42 39 39 40
45 47 45 46 52 51 50 50 45 38 33 31 26 26 22 22 23 27 29 30 28 28 38 37 42 48 44 43 44 42 41 41 42 42 41 43 41 33 33 26 27 28 28 28 28 27 27 26 26 27 29 29 36 34 34 34 33 29 27 25 19 19 19 19 23 22 25 28 29 34 38 40 42 45 49 49 48 49 47 44 43 44
53 52 53 56 54 52 52 48 44 39 35 32 29 26 22 23 25 29 30 31 31 29 29 28 35 35 41 45 44 41 43 41 44 41 39 34 33 28 27 29 28 27 26 24 25 25 26 27 29 28 28 29 31 33 39 37 36 35 35 34 33 29 27 25 25 24 27 27 27 31 35 41 42 44 48 53 52 52 51 50 49 50
52 49 50 48 48 49 49 49 45 39 39 40 36 37 38 31 37 34 37 43 34 35 28 26 28 27 33 39 39 38 39 38 39 38 27 28 27 29 28 26 26 24 23 23 23 23 25 25 27 27 28 29 31 31 31 38 39 40 39 37 37 31 30 29 28 28 27 28 30 31 33 42 44 45 49 56 56 56 55 52 52 53
45 45 45 44 46 47 46 44 42 43 44 46 50 51 53 52 53 54 52 49 46 39 37 31 25 27 28 30 30 32 33 31 29 28 25 26 25 25 23 22 21 19 18 16 16 16 18 20 24 26 25 27 29 29 30 31 30 29 29 28 28 28 29 28 28 27 27 29 30 31 33 41 44 45 50 57 59 58 59 58 58 58
35 38 35 36 40 40 41 41 42 48 52 53 59 58 57 58 52 54 54 54 49 46 37 36 29 22 22 26 25 27 27 26 25 25 24 23 22 21 14 15 12 12 11 11 13 11 13 15 19 24 26 27 27 29 31 30 31 30 31 29 29 28 27 26 26 27 28 30 31 32 33 41 43 48 51 56 60 60 63 62 63 63
37 35 34 34 38 38 41 42 46 52 57 62 67 72 72 69 61 53 53 55 52 49 44 35 27 22 20 20 20 20 20 20 15 13 11 11 11 9 9 9 9 10 10 10 13 13 14 12 17 20 22 25 26 27 28 26 29 29 28 28 27 27 25 24 24 24 25 26 28 30 35 35 43 48 50 54 58 61 64 65 65 64
39 39 37 37 41 41 42 45 48 59 71 78 80 83 83 77 74 66 61 54 55 54 45 37 25 15 13 12 9 9 9 9 8 9 9 9 10 10 10 10 10 10 10 11 12 15 15 15 15 18 21 23 24 25 25 23 27 28 28 29 27 27 24 21 22 19 21 20 26 30 33 35 42 53 52 53 58 61 62 63 62 62
39 39 39 39 41 44 48 53 60 74 78 81 82 82 84 86 84 75 69 61 56 54 51 44 29 18 15 9 9 9 9 10 10 10 11 11 11 11 11 11 11 11 11 13 13 16 18 17 18 18 20 22 24 25 25 27 28 29 29 29 29 28 27 27 26 27 25 27 29 32 34 37 43 50 49 50 56 61 65 63 65 64
40 40 39 39 43 48 55 61 68 78 77 77 72 73 78 79 84 85 75 68 61 55 51 46 41 30 25 18 15 12 12 12 14 14 14 14 14 14 14 14 14 14 13 14 15 16 19 19 19 20 20 20 23 25 26 29 29 30 30 30 29 30 30 29 28 28 28 29 31 34 34 39 47 51 53 54 57 59 64 64 64 66
39 42 42 44 47 54 59 62 72 72 71 66 67 69 72 73 78 82 83 72 67 59 53 52 48 41 32 28 26 18 19 17 17 17 15 15 15 15 15 15 15 15 15 16 17 18 20 20 19 20 21 21 24 26 29 30 31 31 31 31 31 31 31 30 29 29 29 30 33 34 39 43 49 54 55 57 57 61 65 66 67 69
47 47 47 48 54 57 61 69 70 69 65 63 60 60 65 69 73 74 81 80 71 68 63 51 50 51 49 44 36 33 28 23 21 19 19 19 17 16 15 15 15 15 16 17 18 19 20 20 21 22 22 22 25 27 29 31 31 32 32 32 32 32 31 30 29 29 30 33 35 37 42 46 54 57 56 60 57 62 67 71 68 71
53 53 54 55 58 61 66 69 71 67 62 60 58 56 61 66 67 66 73 78 81 74 68 62 60 54 50 49 47 43 39 34 30 27 23 20 19 19 19 19 19 19 19 19 19 21 21 21 21 21 23 25 26 28 31 32 33 34 34 34 35 34 35 34 34 33 35 35 36 40 46 53 57 59 60 61 61 71 74 75 76 74
57 56 60 62 61 66 71 73 67 65 59 55 54 54 57 62 64 68 69 69 75 77 71 70 65 62 55 54 51 48 47 46 41 38 33 30 25 24 21 21 21 21 21 21 21 21 23 23 22 25 26 28 30 31 33 34 38 38 40 41 40 37 36 35 35 35 35 36 39 45 52 56 59 56 60 61 67 75 78 80 79 79
58 60 62 64 65 72 71 69 64 60 57 54 54 54 58 61 66 62 67 71 71 71 74 73 69 65 63 58 53 51 47 50 48 45 40 41 34 33 32 27 29 27 26 26 26 25 25 27 27 29 30 31 33 35 35 40 43 47 47 47 50 45 42 39 38 37 37 39 42 54 59 59 58 61 63 63 69 78 80 80 78 79
58 60 65 65 71 72 69 64 61 58 54 52 51 51 57 58 59 61 61 67 70 71 71 73 72 71 69 68 65 63 58 54 50 50 51 48 47 42 42 37 36 34 33 32 31 31 31 31 31 31 34 34 35 40 48 51 53 55 54 55 53 53 56 49 45 39 41 44 50 59 59 59 60 61 63 68 75 80 81 80 81 81
57 61 62 65 68 64 63 60 56 52 52 51 52 52 55 57 60 59 60 62 67 67 63 67 70 70 73 74 71 67 67 63 57 55 53 52 50 48 47 47 44 41 38 37 35 34 35 34 36 36 36 40 45 53 56 57 58 56 58 58 55 57 54 54 53 49 47 50 58 59 60 62 62 63 66 72 79 80 83 81 80 81
57 59 66 65 65 60 58 56 52 51 51 51 52 54 55 56 57 58 59 58 61 65 63 63 61 61 68 68 71 72 69 70 66 65 59 58 56 51 50 53 52 51 52 51 48 47 44 46 44 46 51 54 56 58 60 62 66 67 67 64 65 63 59 55 56 59 59 61 61 60 61 63 65 66 68 76 79 80 83 82 82 83
60 63 62 61 58 58 54 51 52 51 50 53 54 54 56 58 59 58 60 58 59 60 65 63 62 62 63 61 67 69 71 73 72 74 71 65 65 62 59 56 54 56 57 57 57 56 57 57 57 56 56 61 64 68 70 75 77 77 76 75 71 72 66 64 63 62 63 64 63 62 65 63 68 68 75 78 81 81 83 81 81 82
