www/richnobuf.asc
NCOLS 720 
NROWS 348 
XLLCORNER -180 
YLLCORNER -90 
CELLSIZE 0.5 
NODATA_value -9999 
[rows 74 to 110 of 348, columns 328 to 409 of 720]
-9999 -9999 -9999 -9999 -9999 -9999 -9999 -9999 -9999 -9999 -9999 -9999 -9999 -9999 -9999 -9999 -9999 -9999 -9999 -9999 -9999 -9999 -9999 -9999 -9999 -9999 -9999 -9999 92 91 90 88 85 86 86 86 86 83 82 81 81 79 76 78 79 79 76 74 71 69 68 69 69 70 70 71 70 71 74 75 76 76 77 77 80 80 81 80 80 80 81 82 80 80 81 78 76 75 73 73 72 72
-9999 -9999 -9999 -9999 -9999 -9999 -9999 -9999 -9999 -9999 -9999 -9999 -9999 -9999 -9999 -9999 -9999 -9999 -9999 -9999 -9999 -9999 -9999 -9999 -9999 -9999 -9999 -9999 -9999 -9999 91 89 87 86 86 85 84 79 79 79 77 77 76 77 78 79 74 74 70 68 68 67 67 69 70 71 72 74 74 75 76 77 78 78 80 80 81 80 80 81 82 83 83 81 80 78 74 75 73 73 73 73
-9999 -9999 -9999 -9999 -9999 -9999 -9999 -9999 -9999 -9999 -9999 -9999 -9999 -9999 -9999 -9999 -9999 -9999 -9999 -9999 -9999 -9999 -9999 -9999 -9999 -9999 -9999 -9999 -9999 -9999 91 89 86 85 86 85 81 80 78 76 76 76 75 74 77 76 74 71 72 69 70 70 72 74 73 74 74 74 -9999 75 78 79 79 79 79 78 79 80 81 81 83 83 83 81 82 79 75 73 73 71 71 71
-9999 -9999 -9999 -9999 -9999 -9999 -9999 -9999 -9999 -9999 -9999 -9999 -9999 -9999 -9999 -9999 -9999 -9999 -9999 -9999 -9999 -9999 -9999 -9999 -9999 -9999 -9999 -9999 -9999 -9999 -9999 90 86 86 84 84 81 78 77 76 75 75 74 74 75 75 72 71 74 74 75 78 78 79 80 80 -9999 -9999 -9999 83 -9999 80 80 79 78 79 79 78 80 81 81 81 81 81 81 80 78 78 76 75 74 74
-9999 -9999 -9999 -9999 -9999 -9999 -9999 -9999 -9999 -9999 -9999 -9999 -9999 -9999 -9999 -9999 -9999 -9999 -9999 -9999 -9999 -9999 -9999 -9999 -9999 -9999 -9999 -9999 -9999 -9999 91 87 86 86 85 83 79 78 76 75 75 75 75 73 73 74 75 76 77 77 80 81 82 84 85 83 85 -9999 -9999 -9999 -9999 -9999 82 82 79 79 78 79 80 77 80 80 81 81 81 80 78 78 77 77 76 77
-9999 -9999 -9999 -9999 -9999 -9999 -9999 -9999 -9999 -9999 -9999 -9999 -9999 -9999 -9999 -9999 -9999 -9999 -9999 -9999 -9999 -9999 -9999 -9999 -9999 -9999 -9999 -9999 -9999 92 93 87 86 85 82 81 78 76 75 75 77 77 78 77 77 76 76 78 79 -9999 -9999 81 81 81 80 80 81 -9999 -9999 -9999 -9999 -9999 -9999 82 80 80 80 79 79 78 78 80 79 79 79 78 78 78 79 79 75 77
-9999 -9999 -9999 -9999 -9999 -9999 -9999 -9999 -9999 -9999 -9999 -9999 -9999 -9999 -9999 -9999 -9999 -9999 -9999 -9999 -9999 -9999 -9999 -9999 -9999 -9999 -9999 -9999 -9999 90 88 86 82 81 80 78 77 78 78 78 78 79 80 79 79 78 79 -9999 -9999 -9999 -9999 -9999 -9999 80 79 79 80 80 79 -9999 -9999 -9999 -9999 -9999 83 82 80 79 80 79 78 77 75 77 77 77 76 77 78 77 76 76
-9999 -9999 -9999 -9999 -9999 -9999 -9999 -9999 -9999 -9999 -9999 -9999 -9999 -9999 95 96 94 94 93 90 89 88 88 88 87 89 89 88 86 85 83 80 78 77 77 76 76 78 81 -9999 -9999 -9999 -9999 80 79 -9999 -9999 -9999 -9999 -9999 -9999 -9999 -9999 80 80 77 78 78 76 78 -9999 -9999 -9999 -9999 -9999 -9999 83 82 80 79 79 76 75 73 73 73 73 74 75 72 75 74
-9999 -9999 -9999 -9999 -9999 -9999 -9999 -9999 -9999 -9999 -9999 -9999 -9999 -9999 95 92 90 90 88 82 82 80 80 81 79 80 80 79 80 77 77 76 75 74 74 76 79 80 -9999 -9999 -9999 -9999 -9999 -9999 -9999 -9999 -9999 -9999 -9999 -9999 -9999 -9999 84 -9999 85 78 78 77 76 76 -9999 -9999 -9999 -9999 -9999 -9999 -9999 87 83 83 79 74 74 72 70 69 69 70 69 70 70 68
-9999 -9999 -9999 -9999 -9999 -9999 -9999 -9999 -9999 -9999 -9999 -9999 -9999 -9999 -9999 91 86 86 81 78 78 76 76 75 75 76 76 76 76 75 75 75 76 76 76 79 78 79 -9999 -9999 -9999 -9999 -9999 -9999 -9999 -9999 -9999 -9999 -9999 84 85 -9999 -9999 -9999 -9999 82 79 78 76 76 76 -9999 -9999 -9999 -9999 -9999 -9999 -9999 -9999 -9999 83 78 74 72 71 70 68 69 69 68 67 68
-9999 -9999 -9999 -9999 -9999 -9999 -9999 -9999 -9999 -9999 -9999 -9999 -9999 -9999 -9999 88 85 84 83 82 80 76 76 77 76 76 75 74 75 72 76 76 78 78 75 77 77 79 -9999 -9999 -9999 -9999 -9999 -9999 -9999 -9999 -9999 -9999 -9999 82 84 -9999 -9999 -9999 -9999 -9999 -9999 79 77 75 76 76 75 76 -9999 -9999 -9999 -9999 -9999 -9999 -9999 81 76 72 74 72 69 67 67 67 68 65
-9999 -9999 -9999 -9999 -9999 -9999 -9999 -9999 -9999 -9999 -9999 -9999 -9999 -9999 -9999 87 85 83 82 80 81 81 80 78 76 71 71 72 75 77 78 77 74 78 79 -9999 -9999 -9999 -9999 -9999 -9999 -9999 -9999 -9999 -9999 -9999 -9999 -9999 -9999 -9999 -9999 -9999 -9999 -9999 -9999 -9999 -9999 -9999 -9999 76 77 76 75 75 75 -9999 -9999 -9999 -9999 -9999 -9999 81 78 76 75 71 67 67 66 67 70 72
-9999 -9999 -9999 -9999 -9999 -9999 -9999 -9999 -9999 -9999 -9999 -9999 -9999 -9999 -9999 87 85 82 80 80 80 77 76 77 76 74 69 72 73 73 72 73 76 -9999 -9999 -9999 -9999 -9999 -9999 -9999 -9999 -9999 -9999 -9999 -9999 -9999 -9999 -9999 79 79 79 -9999 -9999 -9999 -9999 -9999 -9999 -9999 -9999 -9999 -9999 78 75 74 74 75 79 -9999 -9999 -9999 -9999 84 81 74 72 69 66 67 69 -9999 -9999 -9999
-9999 -9999 -9999 -9999 -9999 -9999 -9999 -9999 -9999 -9999 -9999 -9999 -9999 -9999 88 83 83 80 80 78 79 78 79 76 75 73 71 70 70 70 72 77 -9999 -9999 -9999 -9999 -9999 -9999 -9999 -9999 -9999 -9999 -9999 -9999 -9999 -9999 -9999 -9999 -9999 77 77 78 -9999 -9999 -9999 -9999 -9999 -9999 -9999 -9999 -9999 -9999 78 76 74 77 -9999 -9999 85 -9999 -9999 80 78 77 70 68 68 -9999 -9999 76 77 -9999
-9999 -9999 -9999 -9999 -9999 -9999 -9999 -9999 -9999 -9999 -9999 -9999 -9999 -9999 86 82 83 82 81 81 81 80 75 76 73 70 70 70 67 66 71 76 -9999 -9999 -9999 -9999 -9999 78 -9999 -9999 -9999 -9999 -9999 -9999 -9999 -9999 -9999 -9999 -9999 77 76 -9999 -9999 -9999 -9999 -9999 -9999 -9999 -9999 -9999 -9999 -9999 -9999 -9999 77 -9999 -9999 -9999 -9999 -9999 -9999 81 77 76 73 68 68 70 -9999 -9999 -9999 -9999
-9999 -9999 -9999 -9999 -9999 -9999 -9999 -9999 -9999 -9999 -9999 -9999 -9999 89 86 81 80 79 80 80 79 78 76 74 70 68 67 65 65 66 71 76 -9999 -9999 -9999 -9999 -9999 -9999 -9999 -9999 -9999 -9999 -9999 -9999 -9999 -9999 -9999 -9999 -9999 78 78 -9999 -9999 -9999 -9999 -9999 -9999 -9999 -9999 -9999 -9999 -9999 -9999 -9999 79 79 -9999 -9999 -9999 -9999 -9999 -9999 -9999 77 76 70 68 70 72 -9999 -9999 -9999
-9999 -9999 -9999 -9999 -9999 -9999 -9999 -9999 -9999 -9999 -9999 -9999 -9999 -9999 83 82 79 78 78 76 71 70 70 70 69 69 68 66 66 68 71 77 -9999 -9999 -9999 -9999 -9999 -9999 -9999 -9999 -9999 -9999 -9999 -9999 -9999 -9999 -9999 -9999 -9999 -9999 -9999 -9999 -9999 -9999 -9999 -9999 -9999 -9999 -9999 -9999 -9999 -9999 -9999 -9999 79 -9999 -9999 -9999 -9999 -9999 -9999 -9999 -9999 -9999 76 72 70 69 73 77 -9999 -9999
-9999 -9999 -9999 -9999 -9999 -9999 -9999 -9999 -9999 -9999 -9999 -9999 -9999 -9999 -9999 80 79 76 75 76 73 73 73 69 71 67 66 68 67 68 72 -9999 -9999 -9999 -9999 -9999 -9999 -9999 -9999 -9999 -9999 -9999 -9999 -9999 -9999 -9999 -9999 -9999 -9999 -9999 -9999 -9999 -9999 -9999 -9999 -9999 -9999 -9999 -9999 -9999 -9999 -9999 -9999 -9999 78 -9999 -9999 -9999 -9999 -9999 -9999 -9999 -9999 -9999 -9999 73 -9999 -9999 73 73 77 -9999
-9999 -9999 -9999 -9999 -9999 -9999 -9999 -9999 -9999 -9999 -9999 -9999 -9999 -9999 82 79 78 77 77 75 72 72 72 70 70 69 67 67 70 72 74 -9999 -9999 -9999 -9999 -9999 -9999 -9999 -9999 -9999 -9999 -9999 -9999 -9999 -9999 -9999 -9999 -9999 -9999 -9999 -9999 -9999 -9999 -9999 -9999 -9999 -9999 80 79 80 80 79 79 -9999 -9999 -9999 -9999 -9999 -9999 -9999 -9999 -9999 -9999 79 79 76 72 71 -9999 -9999 -9999 -9999
-9999 -9999 -9999 -9999 -9999 -9999 -9999 -9999 -9999 -9999 -9999 -9999 -9999 -9999 83 80 81 78 76 75 75 74 73 72 72 72 70 71 73 -9999 -9999 -9999 -9999 -9999 -9999 -9999 -9999 -9999 -9999 -9999 -9999 -9999 -9999 -9999 -9999 -9999 -9999 -9999 -9999 -9999 -9999 -9999 -9999 -9999 -9999 -9999 -9999 -9999 -9999 80 79 78 -9999 -9999 -9999 -9999 -9999 -9999 -9999 -9999 -9999 -9999 -9999 -9999 -9999 76 75 74 -9999 -9999 -9999 -9999
-9999 -9999 -9999 -9999 -9999 -9999 -9999 -9999 -9999 -9999 -9999 -9999 -9999 -9999 -9999 -9999 -9999 -9999 -9999 77 76 76 76 75 76 74 74 73 -9999 -9999 -9999 -9999 -9999 -9999 -9999 -9999 -9999 75 75 75 73 75 -9999 75 75 75 74 74 75 74 73 74 76 77 -9999 -9999 -9999 -9999 -9999 -9999 -9999 -9999 -9999 -9999 -9999 -9999 -9999 -9999 -9999 -9999 -9999 -9999 -9999 -9999 -9999 -9999 -9999 78 -9999 -9999 -9999 -9999
-9999 -9999 -9999 -9999 -9999 -9999 -9999 -9999 -9999 -9999 -9999 -9999 -9999 -9999 -9999 -9999 -9999 -9999 -9999 -9999 79 80 -9999 -9999 -9999 -9999 -9999 -9999 -9999 -9999 -9999 -9999 -9999 74 74 73 69 68 67 65 67 64 64 66 64 68 68 68 70 71 72 69 72 -9999 -9999 -9999 -9999 -9999 -9999 -9999 -9999 -9999 -9999 -9999 -9999 -9999 -9999 -9999 -9999 -9999 -9999 -9999 -9999 -9999 -9999 -9999 -9999 -9999 -9999 -9999 -9999 -9999
-9999 -9999 -9999 -9999 -9999 -9999 -9999 -9999 -9999 -9999 -9999 -9999 -9999 -9999 -9999 -9999 -9999 -9999 -9999 -9999 79 -9999 -9999 -9999 -9999 -9999 -9999 -9999 -9999 -9999 -9999 74 70 69 68 68 63 63 61 59 60 58 58 59 62 62 61 62 63 63 66 64 69 -9999 -9999 -9999 -9999 -9999 -9999 -9999 -9999 -9999 -9999 -9999 -9999 -9999 -9999 -9999 -9999 -9999 -9999 -9999 -9999 -9999 -9999 -9999 -9999 -9999 -9999 -9999 -9999 -9999
-9999 -9999 -9999 -9999 -9999 -9999 -9999 -9999 -9999 -9999 -9999 -9999 -9999 -9999 -9999 -9999 -9999 -9999 -9999 -9999 77 75 74 -9999 74 74 -9999 -9999 73 72 69 67 64 65 61 61 61 59 58 56 55 57 58 59 58 56 58 59 59 62 60 63 69 73 -9999 -9999 -9999 -9999 -9999 -9999 -9999 -9999 -9999 -9999 -9999 -9999 -9999 -9999 -9999 -9999 -9999 -9999 -9999 -9999 -9999 -9999 -9999 -9999 -9999 81 77 78
-9999 -9999 -9999 -9999 -9999 -9999 -9999 -9999 -9999 -9999 -9999 -9999 -9999 -9999 -9999 -9999 -9999 -9999 -9999 75 75 72 71 70 68 68 67 66 65 65 61 59 56 56 54 54 55 54 54 53 57 58 57 57 55 55 56 56 55 60 61 67 69 -9999 -9999 -9999 -9999 -9999 -9999 -9999 -9999 -9999 -9999 -9999 -9999 -9999 -9999 -9999 -9999 -9999 -9999 -9999 -9999 -9999 -9999 -9999 -9999 -9999 -9999 -9999 -9999 -9999
-9999 -9999 -9999 -9999 -9999 -9999 -9999 -9999 -9999 -9999 -9999 -9999 -9999 -9999 -9999 -9999 -9999 -9999 -9999 74 71 67 63 60 60 60 59 57 58 58 55 54 53 53 53 53 53 52 55 56 52 53 52 50 51 52 52 52 54 57 63 66 -9999 -9999 -9999 -9999 -9999 -9999 -9999 -9999 -9999 -9999 -9999 -9999 -9999 -9999 -9999 -9999 -9999 -9999 -9999 -9999 -9999 -9999 -9999 -9999 -9999 -9999 -9999 -9999 -9999 -9999
-9999 -9999 -9999 -9999 -9999 -9999 -9999 -9999 -9999 -9999 -9999 -9999 -9999 -9999 -9999 -9999 -9999 75 75 71 65 61 58 57 55 55 53 53 53 53 53 53 53 53 53 52 52 56 55 51 50 49 50 47 46 47 47 47 48 54 60 66 69 -9999 -9999 -9999 -9999 -9999 -9999 -9999 -9999 -9999 -9999 -9999 -9999 -9999 -9999 -9999 -9999 -9999 -9999 -9999 -9999 -9999 -9999 -9999 -9999 -9999 -9999 -9999 -9999 -9999
-9999 -9999 -9999 -9999 -9999 -9999 -9999 -9999 -9999 -9999 -9999 -9999 -9999 -9999 -9999 -9999 74 73 69 65 58 57 55 54 54 54 54 54 53 53 52 51 49 48 48 49 49 47 50 49 47 46 46 43 41 39 40 41 41 43 51 59 64 68 -9999 -9999 -9999 -9999 -9999 -9999 -9999 -9999 -9999 -9999 -9999 -9999 -9999 -9999 -9999 -9999 -9999 -9999 -9999 -9999 -9999 -9999 -9999 -9999 -9999 -9999 -9999 -9999
-9999 -9999 -9999 -9999 -9999 -9999 -9999 -9999 -9999 -9999 -9999 -9999 -9999 -9999 77 73 71 65 62 59 54 53 53 53 53 53 53 51 49 48 48 50 48 47 46 46 48 49 47 47 46 43 38 37 34 34 34 35 37 38 43 45 55 61 64 65 66 67 70 -9999 -9999 -9999 -9999 -9999 -9999 -9999 -9999 -9999 -9999 -9999 -9999 -9999 -9999 -9999 75 74 76 -9999 -9999 -9999 -9999 -9999
-9999 -9999 -9999 -9999 -9999 -9999 -9999 -9999 -9999 -9999 -9999 -9999 -9999 76 74 70 64 59 58 55 53 54 52 51 48 49 47 46 46 46 45 46 46 46 48 47 46 45 45 44 38 34 34 32 32 32 32 34 36 38 37 36 43 46 51 59 58 61 64 67 68 71 74 -9999 -9999 -9999 -9999 -9999 -9999 -9999 -9999 -9999 77 72 67 67 70 71 -9999 -9999 -9999 -9999
-9999 -9999 -9999 -9999 -9999 -9999 -9999 -9999 -9999 -9999 -9999 -9999 -9999 71 68 62 58 55 56 50 50 49 49 46 47 47 46 46 46 46 45 44 43 43 44 44 45 44 42 37 32 30 30 30 31 32 32 32 33 35 36 36 37 39 43 47 50 57 59 62 62 65 68 -9999 -9999 -9999 -9999 -9999 -9999 -9999 -9999 -9999 75 70 66 62 63 64 65 66 69 72
-9999 -9999 -9999 -9999 -9999 -9999 -9999 -9999 -9999 -9999 -9999 -9999 73 67 64 55 50 48 48 47 45 47 48 48 46 45 42 38 41 41 39 40 40 37 39 37 39 39 36 30 30 30 30 31 32 30 30 30 30 32 33 34 37 37 40 41 41 45 51 54 55 55 58 67 70 -9999 -9999 -9999 -9999 -9999 -9999 -9999 74 67 61 58 58 60 60 60 62 65
-9999 -9999 -9999 -9999 -9999 -9999 -9999 -9999 -9999 -9999 -9999 -9999 -9999 63 53 48 48 49 48 49 46 46 46 45 42 38 30 28 28 32 30 29 30 34 36 36 36 34 30 30 30 29 30 30 29 29 29 30 30 31 32 33 34 37 37 40 40 41 43 50 50 52 56 57 61 64 65 68 -9999 -9999 -9999 -9999 72 65 58 53 52 52 53 53 58 58
-9999 -9999 -9999 -9999 -9999 -9999 -9999 -9999 -9999 -9999 -9999 -9999 -9999 59 41 42 45 46 45 43 42 39 36 29 27 27 28 28 30 30 30 30 30 30 30 30 30 30 30 30 29 29 30 29 29 29 29 28 29 29 30 33 35 35 36 37 39 41 41 44 45 49 54 55 55 56 58 60 67 69 69 69 67 59 54 50 48 47 47 47 50 52
-9999 -9999 -9999 -9999 -9999 -9999 -9999 -9999 -9999 -9999 -9999 -9999 66 52 31 29 28 33 27 26 26 23 25 25 25 26 27 27 28 29 29 28 28 28 29 29 28 28 28 28 28 30 29 29 29 29 27 27 28 30 31 34 35 36 36 37 37 38 40 41 43 45 46 53 54 52 52 55 60 60 62 58 56 55 49 46 46 47 46 46 45 46
-9999 -9999 -9999 -9999 -9999 -9999 -9999 -9999 -9999 -9999 -9999 68 57 42 30 27 28 27 27 25 25 24 23 25 25 26 26 26 27 27 27 26 26 26 26 26 27 27 27 28 28 28 29 29 29 28 27 28 28 30 31 32 34 35 36 37 37 37 38 39 43 44 44 46 50 53 53 54 57 57 56 55 51 49 44 46 45 46 45 45 46 45
-9999 -9999 -9999 -9999 -9999 -9999 -9999 -9999 -9999 -9999 61 56 42 33 26 25 27 25 25 25 23 23 24 24 24 24 25 26 26 25 24 22 23 23 22 22 23 24 24 26 27 28 28 28 28 28 28 28 29 30 30 31 32 34 36 36 37 37 37 38 39 40 42 45 45 46 52 53 53 53 52 49 46 43 43 43 42 43 43 44 43 44
