www/richnobuf.asc
NCOLS 720 
NROWS 348 
XLLCORNER -180 
YLLCORNER -90 
CELLSIZE 0.5 
NODATA_value -9999 
[rows 37 to 73 of 348, columns 410 to 491 of 720]
-9999 43 42 43 44 44 44 42 41 38 38 37 36 34 33 32 31 30 30 -9999 -9999 -9999 -9999 -9999 -9999 -9999 -9999 -9999 -9999 -9999 30 29 29 29 28 28 28 28 28 28 28 28 28 28 27 27 27 26 26 25 24 24 24 24 24 24 23 23 23 23 22 20 20 20 20 20 21 22 22 21 20 18 18 18 18 17 16 13 14 15 15 15
43 43 44 45 45 44 44 45 40 38 38 38 37 36 34 33 31 31 31 31 -9999 -9999 -9999 32 32 31 -9999 -9999 -9999 -9999 -9999 29 29 29 29 28 28 28 28 28 28 28 28 28 28 28 28 27 27 27 27 27 26 26 26 26 26 26 26 26 24 23 22 22 22 20 20 20 21 21 20 19 18 19 18 16 15 15 16 15 15 15
43 43 45 45 45 45 45 46 45 40 38 38 37 36 36 35 34 32 31 32 32 32 -9999 -9999 -9999 -9999 31 29 29 29 29 29 29 29 29 29 29 29 29 29 29 29 29 29 27 27 27 27 27 27 27 27 26 26 26 26 26 26 26 26 26 26 25 25 23 22 20 20 20 20 20 19 19 18 17 16 16 16 17 18 18 18
45 45 45 45 44 44 46 45 45 45 41 38 38 37 36 36 35 34 34 34 34 34 34 34 34 34 33 29 29 29 29 29 29 29 29 29 29 29 29 29 29 29 29 28 28 28 28 28 27 27 27 27 26 26 26 26 26 26 26 26 26 26 26 26 26 25 23 23 21 20 20 19 19 17 17 16 16 17 17 17 17 18
46 46 46 46 45 44 46 46 45 45 42 41 40 38 37 36 35 35 35 34 34 34 34 34 34 34 34 34 33 31 29 29 29 29 29 29 29 29 29 31 31 30 28 28 28 28 28 28 27 27 27 27 27 26 26 26 26 26 26 26 26 26 26 26 26 26 26 26 24 24 22 19 19 18 17 17 17 17 18 18 18 17
49 46 46 46 46 46 47 46 47 45 44 42 41 40 39 37 36 36 36 36 36 36 36 35 35 35 35 34 34 34 32 30 30 29 29 29 30 31 31 31 31 31 31 31 31 30 30 29 28 27 27 27 27 27 26 26 26 26 26 26 26 26 26 26 27 26 26 26 26 26 25 22 22 20 18 18 18 18 18 18 18 18
49 48 48 46 45 46 46 46 46 45 45 44 43 43 42 40 39 38 37 37 36 37 37 37 36 36 36 36 35 35 34 31 32 31 31 31 31 31 31 31 31 31 31 31 31 30 30 30 29 29 28 27 27 27 27 26 26 26 26 26 26 26 26 27 27 26 26 26 26 26 26 23 22 21 20 19 19 19 19 19 18 18
51 51 47 47 46 46 46 46 46 46 45 44 44 44 44 44 43 41 42 43 42 40 39 38 39 38 36 36 36 35 35 35 33 32 32 32 32 32 32 31 31 31 31 31 31 31 30 30 30 30 30 30 30 27 27 26 26 26 26 26 26 26 26 27 27 27 26 26 26 26 26 25 22 21 21 21 20 20 20 20 20 18
52 50 49 49 49 48 48 47 46 46 46 46 44 44 45 44 44 44 44 44 44 43 42 41 39 39 39 37 37 37 37 36 35 33 32 32 32 32 32 32 32 32 32 32 31 31 31 31 31 31 31 31 30 30 30 28 26 26 26 26 26 26 27 28 27 27 26 26 26 26 26 25 25 24 25 24 23 21 20 20 20 20
54 54 50 49 49 49 49 49 48 47 46 47 46 47 47 46 46 47 47 45 45 44 44 44 42 40 40 40 39 38 38 38 38 38 35 34 33 33 32 32 32 32 32 32 32 32 32 32 32 32 32 31 31 31 31 30 27 27 27 27 27 28 31 31 30 29 27 27 27 27 27 26 26 25 25 25 25 24 24 23 23 23
59 54 -9999 -9999 -9999 -9999 -9999 -9999 50 50 49 49 49 48 47 46 47 47 47 47 47 47 46 45 45 44 44 43 42 41 41 41 40 39 39 39 36 35 34 33 33 33 32 32 32 32 32 32 32 32 32 32 32 32 32 31 32 29 29 28 30 31 31 31 31 30 29 28 27 27 27 26 26 26 25 25 25 25 25 24 24 24
-9999 -9999 -9999 -9999 -9999 -9999 50 50 50 50 50 50 50 50 49 50 48 48 48 48 47 47 47 46 46 45 45 45 43 43 42 42 42 41 41 41 41 41 40 39 36 35 35 35 34 34 34 34 34 33 33 32 32 32 32 32 32 32 32 32 32 32 31 31 31 31 31 30 30 29 28 26 26 26 25 25 25 25 25 25 25 24
61 59 56 52 51 51 50 50 50 50 50 50 50 50 51 51 51 48 48 48 48 48 47 47 46 46 46 46 45 45 44 44 44 42 42 42 42 40 40 40 40 39 39 39 39 39 39 37 36 35 35 33 33 33 33 33 32 32 32 32 32 32 32 32 32 31 31 31 30 30 29 27 26 26 25 25 25 25 25 25 25 25
62 59 56 53 52 51 50 50 50 50 50 50 51 51 51 51 51 51 49 49 48 48 47 47 47 47 47 47 47 45 45 44 44 44 44 44 44 44 43 41 41 41 40 40 40 40 40 40 39 39 38 38 35 35 35 35 35 35 34 34 33 34 34 33 33 33 34 32 31 30 28 27 27 28 27 27 27 26 25 25 25 25
61 60 58 59 55 54 53 53 52 52 51 51 50 50 51 51 51 51 51 51 50 48 48 48 48 47 47 47 47 46 45 45 45 45 45 44 44 44 44 44 43 43 43 43 43 43 43 42 42 40 40 40 39 38 38 38 38 38 38 38 38 36 35 34 35 35 35 34 34 34 31 30 28 28 28 27 27 27 27 27 27 27
61 61 61 60 58 57 55 55 53 52 52 53 53 53 54 54 52 51 51 51 51 50 49 48 48 48 48 48 47 47 47 46 46 45 45 45 45 44 44 44 44 44 44 44 43 43 43 43 43 43 43 42 40 40 40 40 40 40 40 40 39 39 40 40 37 36 36 36 36 35 34 31 29 28 29 27 27 26 26 26 26 26
63 61 61 61 60 60 57 56 56 56 55 55 55 55 54 54 54 52 51 51 50 50 50 49 49 48 48 48 47 47 47 47 46 46 46 46 46 46 45 44 44 44 44 44 44 44 44 44 43 44 44 43 43 43 43 43 43 43 43 42 42 41 41 41 41 38 37 37 36 36 35 33 30 32 32 31 29 29 29 29 28 26
63 63 61 61 61 60 60 59 58 58 58 56 55 55 54 54 54 52 51 51 50 50 50 50 50 50 50 48 47 47 47 47 47 46 46 46 46 46 46 46 46 46 45 44 44 44 44 44 44 44 44 44 44 43 43 43 43 43 43 43 43 43 42 42 41 42 41 40 37 37 37 35 35 33 33 30 30 30 29 29 29 27
65 64 63 63 63 61 60 61 59 58 59 59 57 56 56 55 55 54 53 51 50 50 50 50 50 50 50 50 50 50 49 48 48 48 47 47 46 46 46 46 46 46 46 46 46 46 45 45 44 44 44 44 44 44 44 44 44 44 43 42 43 44 45 44 44 43 44 41 41 39 40 38 35 35 33 32 32 29 29 30 28 28
64 65 64 64 64 63 62 62 61 59 59 59 59 57 57 56 55 55 53 51 50 50 50 50 51 51 50 50 50 50 50 49 48 48 48 48 48 48 47 47 47 47 46 45 45 45 45 45 45 45 44 44 44 44 44 44 44 44 44 44 44 44 45 47 47 45 45 42 42 41 40 37 37 34 33 33 33 31 31 31 31 29
63 65 64 64 65 63 63 63 63 62 61 59 59 59 57 57 57 56 53 52 52 51 51 51 51 51 51 50 50 50 50 50 50 49 48 48 48 48 48 47 47 47 46 46 45 45 45 45 45 45 45 45 45 44 44 44 44 45 44 44 44 46 46 47 48 46 44 43 41 41 39 37 36 36 34 33 32 32 32 32 32 30
61 62 62 64 63 63 62 62 62 63 61 62 61 60 58 58 57 56 54 53 53 52 52 52 52 51 51 51 51 51 51 51 51 51 51 50 50 49 48 48 47 46 46 46 46 46 45 45 45 45 45 45 45 45 45 45 45 45 44 44 45 45 46 47 48 45 43 41 41 40 38 36 37 35 33 31 31 31 32 31 31 31
63 62 62 62 62 63 61 62 61 63 62 61 61 61 61 59 59 56 54 53 53 52 52 52 52 52 52 51 52 52 52 52 51 52 52 51 51 50 50 50 49 49 47 47 47 47 47 46 46 46 46 46 45 45 45 45 45 45 45 44 44 45 45 46 46 45 43 41 41 38 37 35 36 34 32 32 31 30 30 30 29 29
63 62 62 62 62 63 62 60 60 60 62 61 60 60 61 60 58 56 55 54 52 52 52 52 52 52 52 52 52 52 52 52 52 52 52 52 52 51 50 50 49 49 49 47 47 47 47 47 46 46 46 46 46 46 45 45 45 45 44 44 45 45 46 46 45 44 42 40 39 36 36 35 35 34 32 32 32 32 30 29 29 30
65 64 63 63 64 65 64 64 63 61 62 61 62 62 62 61 58 55 55 55 52 52 52 52 52 52 52 52 52 52 52 52 52 52 52 52 52 52 51 51 51 50 50 48 48 48 49 50 49 48 48 48 46 46 46 46 46 44 44 44 44 45 47 46 44 44 44 43 40 37 36 36 34 35 32 32 32 32 31 31 31 30
67 66 65 64 64 65 65 64 63 62 62 62 61 61 60 59 59 58 56 55 53 53 52 52 52 52 52 53 53 53 53 53 52 52 52 52 52 52 52 52 52 51 50 50 50 50 50 49 49 49 49 48 48 49 48 46 45 45 45 45 44 45 45 44 44 44 43 41 39 37 36 35 35 33 34 33 33 32 32 32 33 33
68 67 65 65 66 66 66 64 64 63 62 62 61 62 61 58 58 57 57 57 55 54 53 53 53 53 53 52 52 53 52 52 53 53 53 53 52 52 52 52 51 50 50 50 50 50 49 49 49 49 47 47 47 48 47 47 46 46 46 45 45 45 45 44 44 44 41 38 37 37 36 36 35 34 34 33 32 32 33 32 32 32
67 69 68 67 66 66 65 64 64 64 63 62 62 60 60 61 59 59 57 57 56 56 55 54 54 54 54 54 53 53 53 53 53 53 53 52 51 52 52 51 50 51 51 50 50 49 49 50 49 49 48 48 47 47 47 47 46 46 47 47 46 45 45 44 44 42 40 38 37 36 35 35 33 33 33 33 33 32 32 32 32 31
71 70 68 69 69 69 67 67 66 65 65 63 62 62 59 59 60 59 57 58 57 57 57 57 56 55 55 55 54 54 54 53 53 52 52 52 52 52 51 50 50 51 51 51 50 50 50 50 50 50 50 49 49 49 49 48 48 47 47 46 47 46 45 45 44 41 40 39 38 36 34 33 33 31 31 31 30 30 30 30 31 31
73 73 72 70 70 70 70 71 67 67 67 66 64 63 61 60 60 60 61 59 58 58 58 57 57 56 55 55 55 55 54 53 53 53 53 53 53 53 52 52 52 52 52 52 52 52 53 53 53 52 52 52 50 50 50 49 49 48 48 47 46 46 45 44 41 40 39 39 36 36 33 31 32 32 31 31 31 31 31 31 31 30
73 73 73 73 71 71 72 71 69 70 69 68 68 66 64 63 62 60 62 60 58 58 58 58 58 57 57 57 56 56 55 55 55 54 54 54 54 53 53 53 53 53 53 52 52 52 52 52 51 51 51 51 51 51 51 50 50 49 48 48 48 46 45 45 43 40 39 39 37 35 33 32 31 31 31 31 31 31 31 31 31 31
74 74 73 74 73 72 72 71 71 71 69 69 68 67 66 65 63 62 63 62 60 59 59 58 58 57 56 56 56 56 56 56 56 55 55 54 54 53 53 53 53 52 52 52 52 52 52 52 52 53 54 55 54 53 51 51 51 50 50 49 48 48 46 46 44 43 41 39 36 33 33 31 31 31 32 32 32 32 32 31 31 31
73 73 74 74 73 72 71 71 71 71 71 68 67 67 65 64 64 63 64 64 62 59 59 58 57 57 57 57 56 56 56 56 56 56 56 57 55 55 54 54 54 53 53 52 52 53 53 55 58 59 60 59 60 59 55 51 51 50 50 49 49 46 46 45 44 42 41 39 36 35 34 34 36 35 35 35 35 36 36 35 33 32
73 73 74 74 73 73 73 71 71 73 69 68 68 67 65 65 64 63 64 64 63 62 58 58 58 58 58 58 58 57 57 57 56 56 56 55 55 55 54 55 55 55 54 54 54 59 58 61 62 62 63 62 62 61 60 59 54 51 51 49 48 48 47 46 46 45 42 41 39 37 37 37 36 35 34 34 36 36 36 36 36 34
73 73 73 74 74 74 72 73 72 68 68 68 68 67 65 65 64 64 65 65 65 63 63 61 61 60 60 60 60 60 59 58 58 57 57 57 57 57 56 56 56 56 57 58 59 62 63 62 64 64 64 64 64 64 64 63 60 58 53 52 50 48 48 48 48 46 45 44 40 39 39 37 37 35 33 34 35 35 35 36 36 36
72 73 72 73 74 74 74 72 70 68 70 69 67 66 66 65 65 64 66 65 65 64 64 64 64 64 62 61 60 61 60 60 60 58 58 57 57 57 58 57 58 58 61 61 63 63 66 65 66 65 66 66 66 65 65 65 65 64 60 55 52 50 50 48 48 48 48 46 45 42 40 39 37 35 34 34 34 35 34 34 35 35
72 73 72 73 74 76 74 72 73 70 68 70 69 69 65 65 65 63 62 62 64 64 63 64 64 64 63 63 62 62 62 61 61 61 60 59 59 60 57 57 60 61 62 63 66 66 65 68 66 66 65 65 66 65 67 67 65 66 67 59 54 50 48 49 50 48 48 47 45 43 43 40 39 36 36 36 36 34 34 34 34 34
