www/richnobuf.asc
NCOLS 720 
NROWS 348 
XLLCORNER -180 
YLLCORNER -90 
CELLSIZE 0.5 
NODATA_value -9999 
[rows 296 to 332 of 348, columns 492 to 573 of 720]
-9999 -9999 -9999 -9999 -9999 -9999 -9999 -9999 -9999 -9999 -9999 -9999 -9999 -9999 -9999 -9999 -9999 -9999 -9999 -9999 -9999 -9999 -9999 -9999 -9999 -9999 -9999 -9999 -9999 -9999 -9999 -9999 -9999 -9999 -9999 -9999 -9999 -9999 -9999 -9999 -9999 -9999 -9999 -9999 -9999 -9999 -9999 -9999 -9999 -9999 -9999 -9999 -9999 -9999 -9999 -9999 -9999 -9999 -9999 -9999 -9999 -9999 -9999 -9999 -9999 -9999 -9999 -9999 -9999 -9999 -9999 -9999 -9999 -9999 -9999 -9999 -9999 -9999 -9999 -9999 -9999 -9999
-9999 -9999 -9999 -9999 -9999 -9999 -9999 -9999 -9999 -9999 -9999 -9999 -9999 -9999 -9999 -9999 -9999 -9999 -9999 -9999 -9999 -9999 -9999 -9999 -9999 -9999 -9999 -9999 -9999 -9999 -9999 -9999 -9999 -9999 -9999 -9999 -9999 -9999 -9999 -9999 -9999 -9999 -9999 -9999 -9999 -9999 -9999 -9999 -9999 -9999 -9999 -9999 -9999 -9999 -9999 -9999 -9999 -9999 -9999 -9999 -9999 -9999 -9999 -9999 -9999 -9999 -9999 -9999 -9999 -9999 -9999 -9999 -9999 -9999 -9999 -9999 -9999 -9999 -9999 -9999 -9999 -9999
-9999 -9999 -9999 -9999 -9999 -9999 -9999 -9999 -9999 -9999 -9999 -9999 -9999 -9999 -9999 -9999 -9999 -9999 -9999 -9999 -9999 -9999 -9999 -9999 -9999 -9999 -9999 -9999 -9999 -9999 -9999 -9999 -9999 -9999 -9999 -9999 -9999 -9999 -9999 -9999 -9999 -9999 -9999 -9999 -9999 -9999 -9999 -9999 -9999 -9999 -9999 -9999 -9999 -9999 -9999 -9999 -9999 -9999 -9999 -9999 -9999 -9999 -9999 -9999 -9999 -9999 -9999 -9999 -9999 -9999 -9999 -9999 -9999 -9999 -9999 -9999 -9999 -9999 -9999 -9999 -9999 -9999
-9999 -9999 -9999 -9999 -9999 -9999 -9999 -9999 -9999 -9999 -9999 -9999 -9999 -9999 -9999 -9999 -9999 -9999 -9999 -9999 -9999 -9999 -9999 -9999 -9999 -9999 -9999 -9999 -9999 -9999 -9999 -9999 -9999 -9999 -9999 -9999 -9999 -9999 -9999 -9999 -9999 -9999 -9999 -9999 -9999 -9999 -9999 -9999 -9999 -9999 -9999 -9999 -9999 -9999 -9999 -9999 -9999 -9999 -9999 -9999 -9999 -9999 -9999 -9999 -9999 -9999 -9999 -9999 -9999 -9999 -9999 -9999 -9999 -9999 -9999 -9999 -9999 -9999 -9999 -9999 -9999 -9999
-9999 -9999 -9999 -9999 -9999 -9999 -9999 -9999 -9999 -9999 -9999 -9999 -9999 -9999 -9999 -9999 -9999 -9999 -9999 -9999 -9999 -9999 -9999 -9999 -9999 -9999 -9999 -9999 -9999 -9999 -9999 -9999 -9999 -9999 -9999 -9999 -9999 -9999 -9999 -9999 -9999 -9999 -9999 -9999 40 -9999 -9999 -9999 -9999 -9999 -9999 -9999 -9999 -9999 -9999 -9999 -9999 -9999 -9999 -9999 -9999 39 -9999 -9999 -9999 -9999 -9999 -9999 -9999 36 35 36 36 37 36 37 39 40 43 42 43 -9999
-9999 -9999 -9999 -9999 -9999 -9999 -9999 -9999 -9999 -9999 -9999 -9999 -9999 -9999 -9999 -9999 -9999 -9999 -9999 -9999 -9999 -9999 -9999 -9999 -9999 -9999 -9999 -9999 -9999 -9999 -9999 -9999 -9999 -9999 -9999 -9999 -9999 -9999 -9999 -9999 -9999 -9999 -9999 -9999 39 39 39 39 39 39 40 41 43 43 41 40 38 37 37 37 37 37 37 37 37 36 -9999 31 31 32 31 31 31 31 31 33 35 36 39 41 40 40
-9999 -9999 -9999 -9999 -9999 -9999 -9999 -9999 -9999 -9999 -9999 -9999 -9999 -9999 -9999 -9999 -9999 -9999 -9999 -9999 -9999 -9999 -9999 -9999 -9999 -9999 -9999 -9999 -9999 -9999 -9999 -9999 -9999 -9999 38 38 38 38 38 38 39 38 37 34 31 29 29 29 29 29 29 29 29 29 30 30 31 31 31 31 31 30 32 32 32 31 30 30 30 27 27 27 27 27 27 28 26 32 34 35 37 39
33 35 36 37 37 38 36 -9999 -9999 -9999 -9999 -9999 -9999 -9999 -9999 -9999 -9999 -9999 -9999 -9999 -9999 -9999 -9999 -9999 -9999 -9999 -9999 -9999 -9999 -9999 -9999 36 33 32 31 32 31 31 31 30 30 29 28 28 28 27 27 27 25 25 26 27 27 26 26 26 26 26 26 26 25 26 26 27 26 27 27 26 23 22 21 20 19 18 17 19 25 24 25 26 29 33
25 28 30 31 33 32 30 26 -9999 -9999 -9999 -9999 -9999 -9999 -9999 -9999 -9999 -9999 -9999 -9999 -9999 -9999 -9999 -9999 -9999 -9999 31 31 30 31 31 30 30 29 28 30 27 27 26 26 27 26 25 21 19 20 19 19 19 19 19 18 18 18 17 17 15 16 16 16 16 17 21 22 20 18 16 15 14 14 13 12 12 12 13 13 11 13 15 18 20 22
23 27 30 30 29 28 26 21 -9999 -9999 -9999 -9999 -9999 -9999 -9999 -9999 -9999 -9999 -9999 -9999 -9999 -9999 -9999 -9999 30 28 28 29 28 27 27 26 25 20 20 19 19 18 18 16 16 15 14 14 14 14 13 14 13 11 11 11 11 11 11 11 11 10 10 10 10 11 12 12 12 12 11 11 13 13 13 12 12 12 11 11 10 10 11 10 10 12
22 24 27 27 27 25 25 -9999 -9999 -9999 -9999 -9999 -9999 -9999 -9999 -9999 -9999 -9999 -9999 -9999 -9999 -9999 23 21 22 21 20 20 19 18 17 16 16 15 14 14 13 11 10 10 9 10 10 9 9 9 10 10 10 10 10 10 10 10 10 9 8 8 8 8 8 8 9 10 9 10 10 10 10 10 10 10 10 10 10 10 10 10 11 11 12 11
20 22 22 23 23 22 16 -9999 -9999 -9999 -9999 -9999 -9999 -9999 -9999 -9999 -9999 19 20 20 20 19 20 19 18 18 15 14 12 11 11 11 10 9 9 8 8 8 8 8 8 8 8 8 8 8 9 9 9 9 9 10 9 8 9 8 8 8 7 7 7 7 8 8 8 8 8 8 8 8 8 8 8 7 6 4 4 4 5 5 5 8
13 17 16 15 -9999 -9999 -9999 -9999 -9999 -9999 -9999 -9999 -9999 17 16 18 17 18 17 17 18 17 15 15 11 11 11 11 11 10 10 10 9 8 8 7 7 7 8 8 8 8 9 8 8 8 8 8 8 9 9 9 8 8 8 7 7 7 7 7 7 7 7 6 6 5 5 5 5 5 5 5 5 5 4 4 4 4 4 4 4 4
11 11 12 11 11 12 -9999 -9999 -9999 -9999 -9999 -9999 13 16 15 15 13 13 14 14 14 11 11 11 11 10 10 10 10 9 9 9 9 8 9 9 8 8 8 8 8 8 8 8 9 9 9 9 9 9 9 8 8 8 8 8 8 7 7 7 6 5 5 4 4 4 4 4 4 4 4 4 4 4 4 4 4 4 4 4 4 4
10 10 11 10 -9999 -9999 -9999 -9999 -9999 -9999 -9999 12 14 13 13 13 13 11 11 11 11 10 10 10 10 9 9 9 9 8 8 7 8 8 8 8 8 8 8 8 8 9 9 9 10 9 9 9 9 9 9 9 8 8 8 8 8 7 6 6 6 6 4 4 4 4 5 4 4 4 4 4 4 3 3 3 3 3 3 3 2 2
11 12 11 9 -9999 -9999 -9999 -9999 -9999 -9999 12 12 13 13 12 13 12 12 12 10 10 10 10 10 9 9 9 8 7 6 7 7 7 7 8 8 8 8 9 9 9 9 10 9 9 9 9 9 9 9 9 9 9 8 7 6 6 7 7 6 6 6 6 6 6 6 6 6 6 6 5 4 3 3 3 2 2 2 2 2 2 3
11 10 8 8 -9999 -9999 -9999 8 7 12 11 10 11 11 11 11 11 11 10 10 10 10 10 8 8 8 8 8 8 7 9 9 9 9 9 9 9 9 9 9 9 9 9 9 9 9 9 9 9 9 10 8 7 7 7 6 6 6 6 6 5 5 5 4 4 4 3 3 3 3 3 3 3 3 3 3 3 3 3 3 3 3
10 8 8 8 8 8 8 10 12 11 10 10 10 11 11 11 10 10 10 9 9 9 9 9 9 10 8 8 8 9 9 9 10 9 9 9 9 9 9 9 9 8 8 9 9 9 9 9 9 9 7 7 7 7 6 6 5 5 5 4 4 4 3 3 3 3 3 3 3 3 3 3 3 3 3 3 3 3 3 3 3 3
8 8 8 8 8 9 10 10 11 10 10 10 10 9 10 9 9 9 9 9 9 9 9 9 9 9 8 8 8 8 8 9 8 8 8 8 8 8 8 8 8 8 8 8 8 8 8 6 6 5 5 5 5 5 5 5 5 5 4 4 4 4 3 3 3 3 3 3 3 3 3 3 3 3 3 3 3 3 3 3 3 3
8 7 7 7 8 11 11 10 9 9 9 9 9 9 9 9 9 9 9 9 9 9 9 9 8 8 8 8 8 8 8 8 8 8 8 8 8 8 8 8 8 7 7 6 6 6 6 6 5 5 5 5 4 3 3 3 4 4 4 4 4 4 4 4 4 3 3 3 3 3 3 3 3 3 3 3 3 3 3 3 3 3
8 7 7 8 9 9 9 9 9 9 9 9 9 9 9 9 9 9 8 8 8 8 8 8 8 8 8 8 8 9 8 8 8 8 7 7 7 7 7 7 6 6 6 6 6 6 5 5 4 4 4 3 3 3 3 3 3 3 3 3 3 4 4 4 4 4 4 4 4 4 3 3 3 3 3 3 3 2 2 2 2 2
9 9 9 9 9 9 9 8 9 9 9 9 9 10 10 10 10 10 9 8 8 8 9 9 9 9 8 8 7 7 7 7 7 7 7 7 7 7 5 5 5 4 4 4 5 4 4 4 4 4 3 3 3 3 3 3 3 3 3 3 3 3 3 4 4 4 4 4 4 3 3 3 2 2 2 2 2 2 2 2 2 2
9 9 9 9 9 9 9 9 9 9 9 9 9 9 9 9 9 8 8 8 8 8 8 8 7 7 7 7 7 7 7 7 7 7 6 6 6 5 5 5 4 4 3 3 3 3 3 3 3 3 3 3 3 3 3 3 3 3 3 3 3 3 2 2 2 3 3 3 3 3 3 3 3 3 3 3 3 4 4 4 4 3
9 9 9 9 9 9 9 9 9 9 9 9 9 9 9 9 8 8 8 8 7 7 7 7 7 7 7 7 7 7 7 6 6 6 6 6 5 5 5 4 4 3 3 3 3 3 3 3 3 3 3 3 3 2 2 2 2 2 2 2 2 2 2 2 2 2 4 4 4 4 4 4 3 3 4 4 4 3 3 3 3 3
5 5 5 6 7 7 6 7 6 6 6 6 6 6 6 5 6 6 6 7 7 7 7 7 7 7 6 6 6 6 6 6 6 6 5 5 5 5 4 3 3 3 3 3 3 3 2 2 2 2 2 2 2 2 2 2 2 2 2 2 2 2 2 3 3 3 3 3 3 3 2 2 2 2 3 3 3 3 3 3 3 3
5 5 5 5 5 5 5 5 5 5 5 5 5 4 4 4 4 4 4 4 4 4 4 5 5 5 5 5 5 5 5 5 5 5 5 4 4 3 2 2 2 2 2 2 2 2 2 2 2 2 2 2 2 2 2 2 2 2 2 2 2 2 3 2 2 2 2 2 3 3 3 3 3 3 3 3 3 3 3 3 3 3
4 4 4 4 5 5 5 5 5 5 5 5 5 5 5 3 3 3 3 3 4 4 4 4 4 4 4 3 3 3 3 3 2 2 2 2 2 2 2 2 2 2 2 2 2 2 2 2 2 2 2 2 2 2 2 2 2 2 2 2 2 2 2 2 2 2 2 2 3 3 3 3 3 3 3 3 3 3 3 3 3 3
4 4 4 4 4 4 4 4 4 4 4 5 5 5 5 5 5 5 3 3 3 3 3 3 3 3 3 3 3 2 2 2 2 2 2 2 2 2 2 2 2 2 2 2 2 2 2 2 2 2 2 2 2 2 2 2 2 2 2 2 2 2 2 2 2 2 2 3 3 3 3 3 3 3 3 3 3 3 3 3 3 3
6 5 4 4 4 4 4 4 4 4 4 4 4 4 4 4 4 4 4 4 4 5 5 3 3 3 3 2 2 2 2 2 2 2 2 2 2 2 2 2 2 2 2 2 2 2 2 2 2 2 2 2 2 2 2 2 2 2 2 2 2 2 2 2 2 3 3 3 3 3 3 3 3 3 3 3 3 3 3 3 3 3
6 6 6 6 6 6 6 6 6 6 6 6 6 6 6 6 6 6 5 5 5 5 5 5 5 5 3 3 3 2 2 2 2 2 2 2 2 2 2 2 2 2 2 2 2 2 2 2 2 2 2 2 2 2 2 2 2 2 2 2 2 2 2 2 3 3 3 3 3 3 3 3 3 3 3 3 3 3 3 3 3 3
6 6 6 6 6 6 6 6 6 6 6 6 6 6 6 6 6 6 6 5 5 5 5 5 5 5 3 3 3 3 3 2 2 2 2 2 2 2 2 2 2 2 2 2 2 2 2 2 2 2 2 2 2 2 2 2 2 2 2 2 2 2 2 2 3 3 3 3 3 3 3 3 3 3 3 3 3 3 3 3 3 3
6 5 6 6 5 6 5 5 5 5 6 5 5 5 5 5 5 5 5 5 5 5 5 5 3 3 3 3 3 3 2 2 2 3 2 2 2 2 2 2 2 2 2 2 2 2 2 2 2 2 2 2 2 2 2 2 2 2 2 2 2 2 2 3 3 3 3 3 3 3 3 3 3 3 3 3 3 3 3 3 3 3
2 3 3 3 3 3 3 3 3 4 4 4 4 4 4 4 4 4 4 5 4 5 4 3 4 3 3 3 3 2 2 2 2 2 2 2 2 2 2 2 2 2 2 2 2 2 2 2 2 2 2 2 2 2 2 2 2 2 3 3 3 3 3 3 3 3 3 3 3 3 3 3 3 3 3 3 3 3 3 3 3 3
2 2 2 2 2 2 2 2 2 2 2 2 2 2 2 2 2 2 2 2 3 2 2 2 2 2 2 2 2 2 2 2 2 2 2 2 2 3 3 3 3 3 3 3 3 3 3 3 3 3 3 3 3 3 3 3 3 3 3 3 3 3 3 3 3 3 3 3 3 3 3 3 3 3 3 3 3 3 3 3 3 3
2 2 2 2 2 2 2 2 2 2 2 2 2 2 2 2 2 2 2 2 2 2 2 2 2 2 2 2 2 2 3 3 2 3 3 3 3 3 3 3 3 3 3 3 3 3 3 3 3 3 3 3 3 3 3 3 3 3 3 3 3 3 3 3 3 3 4 4 4 4 4 4 4 4 4 4 4 4 4 3 3 4
2 2 2 2 2 2 2 2 2 2 2 2 2 2 2 2 2 2 2 2 2 2 3 3 3 3 3 3 3 3 3 3 3 3 3 3 3 3 3 3 3 3 3 3 3 3 3 3 3 3 3 3 3 3 3 3 3 3 4 4 6 4 6 5 4 5 4 4 4 4 4 4 4 4 4 4 4 4 4 4 4 4
2 2 2 2 2 2 2 2 2 2 2 2 3 3 2 2 3 3 3 3 3 3 3 3 3 3 3 3 3 3 3 3 6 6 6 6 6 6 6 6 6 3 3 3 3 3 4 4 4 4 4 4 4 4 4 3 5 5 6 6 6 6 6 5 5 4 4 4 4 4 4 4 4 4 4 4 4 4 4 4 6 6
